Send.,Year,Band,Site,Sex,Type,FamilyID,Rep.by.x,GPS_tag.,Nest._1,Tissue,DNA.ID,DNA.Concentration..ng.µL.,DNA.storage.location,X,Re.extract.,Seq.ID,Rep.by.y,Nest..,Brood..,clutch_id
Y,2022,2850-57659,Blue Cloud,M,dad,BlueCloud-04,374,,4,blood,374,58.369,Colorado Field Blood 2022 Box 1,,,CO-57659,374,NA,NA,NA
Y,2022,2850-57869,Blue Cloud,F,mom,BlueCloud-04,408,,4,blood,408,35.386,Colorado Field Blood 2022 Box 1,,,CO-57869,408,NA,NA,NA
Y,2022,2881-33627,Blue Cloud,,kid,BlueCloud-04,705,,17,blood,705,160.65,CO 2022 Field Box 5,,,CO-33627,705,17,2,Blue Cloud_17_2
Y,2022,2881-33628,Blue Cloud,,kid,BlueCloud-04,706,,17,blood,706,65.121,CO 2022 Field Box 5,,,CO-33628,706,17,2,Blue Cloud_17_2
Y,2022,2881-33629,Blue Cloud,,kid,BlueCloud-04,707,,17,blood,707,153.935,CO 2022 Field Box 5,,,CO-33629,707,17,2,Blue Cloud_17_2
Y,2022,2881-33630,Blue Cloud,,kid,BlueCloud-04,708,,17,blood,708,107.535,CO 2022 Field Box 5,,,CO-33630,708,17,2,Blue Cloud_17_2
Y,2022,2881-34012,Blue Cloud,,kid,BlueCloud-04,577,,4,blood,577,54.872,CO 2022 Field Box 4,,,CO-34012,577,4,1,Blue Cloud_4_1
Y,2022,2881-34013,Blue Cloud,,kid,BlueCloud-04,578,,4,blood,578,47.479,CO 2022 Field Box 4,,,CO-34013,578,4,1,Blue Cloud_4_1
N,2022,2811-83280,Blue Cloud,,kid,BlueCloud-05,822,,5,blood,512,12.134,CO 2022 Field Box 3,,,CO-83280,822,5,1,Blue Cloud_5_1
N,2022,2850-57572,Blue Cloud,F,mom,BlueCloud-05,839,,5,blood,388,13.739,Colorado Field Blood 2022 Box 1,,,CO-57572,839,NA,NA,NA
N,2022,2850-57901,Blue Cloud,M,dad,BlueCloud-05,2,,5,blood,449,60.057,CO 2022 Field Box 2,,,CO-57901,2,NA,NA,NA
Y,2022,2881-33642,Blue Cloud,,kid,BlueCloud-05,720,,5.2,blood,720,33.067,CO 2022 Field Box 5,,,CO-33642,720,5,2,Blue Cloud_5_2
Y,2022,2881-33643,Blue Cloud,,kid,BlueCloud-05,721,,5.2,blood,721,76.106,CO 2022 Field Box 5,,,CO-33643,721,5,2,Blue Cloud_5_2
Y,2022,2881-33644,Blue Cloud,,kid,BlueCloud-05,722,,5.2,blood,722,136.356,CO 2022 Field Box 5,,,CO-33644,722,5,2,Blue Cloud_5_2
Y,2022,2881-33645,Blue Cloud,,kid,BlueCloud-05,723,,5.2,blood,723,137.724,CO 2022 Field Box 5,,,CO-33645,723,5,2,Blue Cloud_5_2
Y,2022,2640-97548,Blue Cloud,M,dad,BlueCloud-18,360,,18,blood,360,66.614,Colorado Field Blood 2022 Box 1,,,CO-97548,360,NA,NA,NA
Y,2022,2811-83051,Blue Cloud,,kid,BlueCloud-18,452,,18,blood,452,56.031,CO 2022 Field Box 2,,,CO-83051,452,18,1,Blue Cloud_18_1
Y,2022,2811-83052,Blue Cloud,,kid,BlueCloud-18,453,,18,blood,453,85.122,CO 2022 Field Box 2,,,CO-83052,453,18,1,Blue Cloud_18_1
Y,2022,2811-83053,Blue Cloud,,kid,BlueCloud-18,454,,18,blood,454,51.971,CO 2022 Field Box 2,,,CO-83053,454,18,1,Blue Cloud_18_1
Y,2022,2811-83054,Blue Cloud,,kid,BlueCloud-18,455,,18,blood,455,70.1,CO 2022 Field Box 2,,,CO-83054,455,18,1,Blue Cloud_18_1
Y,2022,2811-83055,Blue Cloud,,kid,BlueCloud-18,456,,18,blood,456,67.233,CO 2022 Field Box 2,,,CO-83055,456,18,1,Blue Cloud_18_1
N,2022,2850-57612,Blue Cloud,F,mom,BlueCloud-18,302,,18,blood,429,42.203,CO 2022 Field Box 2,,,CO-57612,302,NA,NA,NA
Y,2022,2881-33604,Blue Cloud,,kid,BlueCloud-18,686,,21,blood,686,94.51,CO 2022 Field Box 5,,,CO-33604,686,21,2,Blue Cloud_21_2
Y,2022,2881-33605,Blue Cloud,,kid,BlueCloud-18,687,,21,blood,687,57.079,CO 2022 Field Box 5,,,CO-33605,687,21,2,Blue Cloud_21_2
Y,2022,2881-33606,Blue Cloud,,kid,BlueCloud-18,689,,21,blood,689,63.783,CO 2022 Field Box 5,,,CO-33606,689,21,2,Blue Cloud_21_2
Y,2022,2881-33607,Blue Cloud,,kid,BlueCloud-18,690,,21,blood,690,82.366,CO 2022 Field Box 5,,,CO-33607,690,21,2,Blue Cloud_21_2
Y,2022,2881-33608,Blue Cloud,,kid,BlueCloud-18,691,,21,blood,691,84.311,CO 2022 Field Box 5,,,CO-33608,691,21,2,Blue Cloud_21_2
N,2022,2850-57565,Blue Cloud,M,dad,BlueCloud-19,298,,24,blood,367,33.777,Colorado Field Blood 2022 Box 1,,,CO-57565,298,NA,NA,NA
Y,2022,2850-57870,Blue Cloud,F,mom,BlueCloud-19,683,,24,blood,683,95.175,CO 2022 Field Box 5,,,CO-57870,683,NA,NA,NA
Y,2022,2881-34037,Blue Cloud,,kid,BlueCloud-19,756,,24,blood,756,63.215,CO 2022 Field Box 6,,,CO-34037,756,24,2,Blue Cloud_24_2
Y,2022,2881-34038,Blue Cloud,,kid,BlueCloud-19,757,,24,blood,757,180.379,CO 2022 Field Box 6,,,CO-34038,757,24,2,Blue Cloud_24_2
Y,2022,2881-34039,Blue Cloud,,kid,BlueCloud-19,758,,24,blood,758,104.342,CO 2022 Field Box 6,,,CO-34039,758,24,2,Blue Cloud_24_2
Y,2022,2881-34040,Blue Cloud,,kid,BlueCloud-19,759,,24,blood,759,82.001,CO 2022 Field Box 6,,,CO-34040,759,24,2,Blue Cloud_24_2
Y,2022,2881-34041,Blue Cloud,,kid,BlueCloud-19,760,,24,blood,760,81.456,CO 2022 Field Box 6,,,CO-34041,760,24,2,Blue Cloud_24_2
Y,2022,T014,Blue Cloud,,kid,BlueCloud-19,T014,,19,,T014,296.09,1.841,,,CO-T014,T014,19,1,Blue Cloud_19_1
Y,2022,2811-83079,Blue Cloud,,kid,BlueCloud-22,477,,22,blood,477,182.761,CO 2022 Field Box 2,,,CO-83079,477,22,1,Blue Cloud_22_1
Y,2022,2811-83080,Blue Cloud,,kid,BlueCloud-22,478,,22,blood,478,45.52,CO 2022 Field Box 2,,,CO-83080,478,22,1,Blue Cloud_22_1
Y,2022,2850-57614,Blue Cloud,M,dad,BlueCloud-22,350,,22,blood,350,21.055,Colorado Field Blood 2022 Box 1,,,CO-57614,350,NA,NA,NA
Y,2022,2850-57871,Blue Cloud,F,mom,BlueCloud-22,409,,22,blood,409,21.449,Colorado Field Blood 2022 Box 1,,,CO-57871,409,NA,NA,NA
Y,2022,2881-33609,Blue Cloud,,kid,BlueCloud-22,692,,14,blood,692,104.167,CO 2022 Field Box 5,,,CO-33609,692,14,2,Blue Cloud_14_2
Y,2022,2881-33610,Blue Cloud,,kid,BlueCloud-22,693,,14,blood,693,71.21,CO 2022 Field Box 5,,,CO-33610,693,14,2,Blue Cloud_14_2
Y,2022,2881-33611,Blue Cloud,,kid,BlueCloud-22,694,,14,blood,694,65.121,CO 2022 Field Box 5,,,CO-33611,694,14,2,Blue Cloud_14_2
Y,2022,2881-33612,Blue Cloud,,kid,BlueCloud-22,695,,14,blood,695,70.602,CO 2022 Field Box 5,,,CO-33612,695,14,2,Blue Cloud_14_2
Y,2022,2870-64905,Blue Cloud,M,dad,BlueCloud-26,414,,#N/A,blood,414,36.681,Colorado Field Blood 2022 Box 1,,,CO-64905,414,NA,NA,NA
Y,2022,2881-34088,Boyer,,kid,Boyer-05,592,,5,blood,592,79.489,CO 2022 Field Box 4,,,CO-34088,592,5,2,Boyer's_5_2
Y,2022,2881-34089,Boyer,,kid,Boyer-05,593,,5,blood,593,223.018,CO 2022 Field Box 4,,,CO-34089,593,5,2,Boyer's_5_2
Y,2022,2850-57685,Boyer,F,mom,Boyer-05-07,678,,5 or 7,blood,678,30.679,CO 2022 Field Box 5,,,CO-57685,678,NA,NA,NA
Y,2022,2850-57686,Boyer,M,dad,Boyer-05-07,547,,5 or 7,blood,547,32.249,CO 2022 Field Box 3,,,CO-57686,547,NA,NA,NA
Y,2022,2850-57688,Boyer,F,mom,Boyer-05-07,679,,5 or 7,blood,679,23.543,CO 2022 Field Box 5,,,CO-57688,679,NA,NA,NA
Y,2022,2850-57689,Boyer,M,dad,Boyer-05-07,548,,5 or 7,blood,548,23.873,CO 2022 Field Box 3,,,CO-57689,548,NA,NA,NA
Y,2022,2881-33637,Boyer,,kid,Boyer-05-07,715,,7,blood,715,78.98,CO 2022 Field Box 5,,,CO-33637,715,7,2,Boyer's_7_2
Y,2022,2881-33638,Boyer,,kid,Boyer-05-07,716,,7,blood,716,114.896,CO 2022 Field Box 5,,,CO-33638,716,7,2,Boyer's_7_2
Y,2022,2881-33639,Boyer,,kid,Boyer-05-07,717,,7,blood,717,136.943,CO 2022 Field Box 5,,,CO-33639,717,7,2,Boyer's_7_2
Y,2022,2881-33640,Boyer,,kid,Boyer-05-07,718,,7,blood,718,40.601,CO 2022 Field Box 5,,,CO-33640,718,7,2,Boyer's_7_2
Y,2022,2881-33641,Boyer,,kid,Boyer-05-07,719,,7,blood,719,40.687,CO 2022 Field Box 5,,,CO-33641,719,7,2,Boyer's_7_2
Y,2022,2870-64906,Boyer,M,dad,Boyer-11,564,,11,blood,564,21.543,CO 2022 Field Box 3,,,CO-64906,564,NA,NA,NA
Y,2022,2811-83141,Cathy's,,kid,Cathys-02,643,,2,blood,643,86.443,CO 2022 Field Box 4,,,CO-83141,643,2,2,Cathy's_2_2
Y,2022,2850-57666,Cathy's,M,dad,Cathys-02,377,,#N/A,blood,377,38.113,Colorado Field Blood 2022 Box 1,,,CO-57666,377,NA,NA,NA
Y,2022,2850-57667,Cathy's,F,mom,Cathys-02,677,,2,blood,677,37.243,CO 2022 Field Box 5,,,CO-57667,677,NA,NA,NA
N,2022,2811-83208,CHR,M,dad,CHR-004,202,,4.2,blood,364,32.058,Colorado Field Blood 2022 Box 1,,,CO-83208,202,NA,NA,NA
N,2022,2811-83277,CHR,,kid,CHR-004,820,,4,blood,798,12.082,CO 2022 Field Box 7,,,CO-83277,820,4,1,CHR_4_1
Y,2022,2811-83278,CHR,,kid,CHR-004,799,,4,blood,799,53.775,CO 2022 Field Box 7,,,CO-83278,799,4,1,CHR_4_1
N,2022,2811-83279,CHR,,kid,CHR-004,821,,4,blood,800,12.057,CO 2022 Field Box 7,,,CO-83279,821,4,1,CHR_4_1
Y,2022,2811-83437,CHR,,kid,CHR-004,660,,4.2,blood,660,166.046,CO 2022 Field Box 5,,,CO-83437,660,4,2,CHR_4_2
Y,2022,2811-83438,CHR,,kid,CHR-004,661,,4.2,blood,661,64.329,CO 2022 Field Box 5,,,CO-83438,661,4,2,CHR_4_2
Y,2022,2850-57585,CHR,F,mom,CHR-004,671,,4,blood,671,155.004,CO 2022 Field Box 5,,,CO-57585,671,NA,NA,NA
Y,2022,2811-83142,CHR,,kid,CHR-011,644,,101,blood,644,179.274,CO 2022 Field Box 4,,,CO-83142,644,101,2,CHR_101_2
Y,2022,2811-83143,CHR,,kid,CHR-011,645,,101,blood,645,57.202,CO 2022 Field Box 4,,,CO-83143,645,101,2,CHR_101_2
Y,2022,2811-83144,CHR,,kid,CHR-011,646,,101,blood,646,39.534,CO 2022 Field Box 4,,,CO-83144,646,101,2,CHR_101_2
Y,2022,2811-83145,CHR,,kid,CHR-011,647,,101,blood,647,87.696,CO 2022 Field Box 4,,,CO-83145,647,101,2,CHR_101_2
N,2022,2850-57733,CHR,M,dad,CHR-011,886,,11,blood,440,15.346,CO 2022 Field Box 2,,,CO-57733,886,NA,NA,NA
Y,2022,2811-83241,CHR,,kid,CHR-025,595,,25,blood,595,105.633,CO 2022 Field Box 4,,,CO-83241,595,25,1,CHR_25_1
Y,2022,2811-83242,CHR,,kid,CHR-025,596,,25,blood,596,39.789,CO 2022 Field Box 4,,,CO-83242,596,25,1,CHR_25_1
Y,2022,2811-83243,CHR,,kid,CHR-025,597,,25,blood,597,34.573,CO 2022 Field Box 4,,,CO-83243,597,25,1,CHR_25_1
Y,2022,2811-83244,CHR,,kid,CHR-025,598,,25,blood,598,39.534,CO 2022 Field Box 4,,,CO-83244,598,25,1,CHR_25_1
Y,2022,2850-57650,CHR,F,mom,CHR-025,396,,25,blood,396,39.013,Colorado Field Blood 2022 Box 1,,,CO-57650,396,NA,NA,NA
Y,2022,2850-57881,CHR,M,dad,CHR-025,425,,25,blood,425,39.801,CO 2022 Field Box 2,,,CO-57881,425,NA,NA,NA
Y,2022,2881-33655,CHR,,kid,CHR-025,726,,95,blood,726,65.489,CO 2022 Field Box 5,,,CO-33655,726,95,2,CHR_95_2
Y,2022,2881-33656,CHR,,kid,CHR-025,727,,95,blood,727,167.466,CO 2022 Field Box 5,,,CO-33656,727,95,2,CHR_95_2
Y,2022,2881-33657,CHR,,kid,CHR-025,728,,95,blood,728,86.999,CO 2022 Field Box 5,,,CO-33657,728,95,2,CHR_95_2
Y,2022,2640-97331,CHR,F,mom,CHR-029,688,,29,blood,688,238.287,CO 2022 Field Box 5,,,CO-97331,688,NA,NA,NA
Y,2022,2850-57808,CHR,M,dad,CHR-029,682,,29,blood,682,112.029,CO 2022 Field Box 5,,,CO-57808,682,NA,NA,NA
Y,2022,2881-34001,CHR,,kid,CHR-029,752,,29,blood,752,111.613,CO 2022 Field Box 6,,,CO-34001,752,29,1,CHR_29_1
Y,2022,2881-34002,CHR,,kid,CHR-029,753,,29,blood,753,120.896,CO 2022 Field Box 6,,,CO-34002,753,29,1,CHR_29_1
Y,2022,2881-34003,CHR,,kid,CHR-029,754,,29,blood,754,224.16,CO 2022 Field Box 6,,,CO-34003,754,29,1,CHR_29_1
Y,2022,2881-34004,CHR,,kid,CHR-029,755,,29,blood,755,159.05,CO 2022 Field Box 6,,,CO-34004,755,29,1,CHR_29_1
Y,2022,2881-34094,CHR,,kid,CHR-029,794,,27,blood,794,92.124,CO 2022 Field Box 6,,,CO-34094,794,27,2,CHR_27_2
Y,2022,2881-34095,CHR,,kid,CHR-029,795,,27,blood,795,90.974,CO 2022 Field Box 6,,,CO-34095,795,27,2,CHR_27_2
Y,2022,2881-34096,CHR,,kid,CHR-029,796,,27,blood,796,61.516,CO 2022 Field Box 7,,,CO-34096,796,27,2,CHR_27_2
Y,2022,2881-34097,CHR,,kid,CHR-029,797,,27,blood,797,111.351,CO 2022 Field Box 7,,,CO-34097,797,27,2,CHR_27_2
Y,2022,T017,CHR,,kid,CHR-029,T017,,29,tissue,T017,156.628,1.92,,,CO-T017,T017,29,1,CHR_29_1
Y,2022,2640-97358,CHR,F,mom,CHR-032,383,,32,blood,383,34.067,Colorado Field Blood 2022 Box 1,,,CO-97358,383,NA,NA,NA
Y,2022,2811-83061,CHR,,kid,CHR-032,462,,32,blood,462,40.954,CO 2022 Field Box 2,,,CO-83061,462,32,1,CHR_32_1
Y,2022,2811-83062,CHR,,kid,CHR-032,463,,32,blood,463,75.887,CO 2022 Field Box 2,,,CO-83062,463,32,1,CHR_32_1
Y,2022,2811-83063,CHR,,kid,CHR-032,464,,32,blood,464,33.547,CO 2022 Field Box 2,,,CO-83063,464,32,1,CHR_32_1
Y,2022,2811-83064,CHR,,kid,CHR-032,465,,32,blood,465,62.589,CO 2022 Field Box 2,,,CO-83064,465,32,1,CHR_32_1
Y,2022,2811-83065,CHR,,kid,CHR-032,466,,32,blood,466,285.305,CO 2022 Field Box 2,,,CO-83065,466,32,1,CHR_32_1
Y,2022,2811-83146,CHR,,kid,CHR-032,648,,32,blood,648,94.77,CO 2022 Field Box 4,,,CO-83146,648,32,3,CHR_32_3
Y,2022,2811-83147,CHR,,kid,CHR-032,649,,32,blood,649,167.113,CO 2022 Field Box 4,,,CO-83147,649,32,3,CHR_32_3
Y,2022,2850-57731,CHR,M,dad,CHR-032,439,,32,blood,439,22.695,CO 2022 Field Box 2,,,CO-57731,439,NA,NA,NA
Y,2022,2811-83095,CHR,,kid,CHR-037,487,,37,blood,487,33.333,CO 2022 Field Box 2,,,CO-83095,487,37,1,CHR_37_1
Y,2022,2811-83096,CHR,,kid,CHR-037,488,,37,blood,488,58.173,CO 2022 Field Box 2,,,CO-83096,488,37,1,CHR_37_1
Y,2022,2811-83097,CHR,,kid,CHR-037,489,,37,blood,489,43.276,CO 2022 Field Box 2,,,CO-83097,489,37,1,CHR_37_1
Y,2022,2850-57735,CHR,F,mom,CHR-037,441,,37,blood,441,25.036,CO 2022 Field Box 2,,,CO-57735,441,NA,NA,NA
Y,2022,2850-57806,CHR,M,dad,CHR-037,420,,37,blood,420,69.356,CO 2022 Field Box 2,,,CO-57806,420,NA,NA,NA
Y,2022,2881-33631,CHR,,kid,CHR-037,709,,119,blood,709,102.873,CO 2022 Field Box 5,,,CO-33631,709,119,2,CHR_119_2
Y,2022,2881-33632,CHR,,kid,CHR-037,710,,119,blood,710,98.802,CO 2022 Field Box 5,,,CO-33632,710,119,2,CHR_119_2
Y,2022,2811-83122,CHR,,kid,CHR-039,497,,39,blood,497,72.85,CO 2022 Field Box 3,,,CO-83122,497,39,1,CHR_39_1
Y,2022,2811-83123,CHR,,kid,CHR-039,498,,39,blood,498,55.912,CO 2022 Field Box 3,,,CO-83123,498,39,1,CHR_39_1
Y,2022,2811-83124,CHR,,kid,CHR-039,499,,39,blood,499,38.652,CO 2022 Field Box 3,,,CO-83124,499,39,1,CHR_39_1
N,2022,2811-83125,CHR,,kid,CHR-039,816,,39,blood,500,7.852,CO 2022 Field Box 3,,,CO-83125,816,39,1,CHR_39_1
Y,2022,2811-83341,CHR,,kid,CHR-039,533,,39.2,blood,533,27.008,CO 2022 Field Box 3,,,CO-83341,533,39,2,CHR_39_2
N,2022,2811-83342,CHR,,kid,CHR-039,834,,39.2,blood,534,13.177,CO 2022 Field Box 3,,,CO-83342,834,39,2,CHR_39_2
Y,2022,2811-83343,CHR,,kid,CHR-039,535,,39.2,blood,535,31.206,CO 2022 Field Box 3,,,CO-83343,535,39,2,CHR_39_2
Y,2022,2811-83344,CHR,,kid,CHR-039,536,,39.2,blood,536,23.911,CO 2022 Field Box 3,,,CO-83344,536,39,2,CHR_39_2
Y,2022,2850-57620,CHR,M,dad,CHR-039,352,,39,blood,352,24.515,Colorado Field Blood 2022 Box 1,,,CO-57620,352,NA,NA,NA
Y,2022,2850-57649,CHR,F,mom,CHR-039,395,,39,blood,395,38.358,Colorado Field Blood 2022 Box 1,,,CO-57649,395,NA,NA,NA
Y,2022,2811-83262,CHR,,kid,CHR-043,606,,43,blood,606,157.261,CO 2022 Field Box 4,,,CO-83262,606,43,1,CHR_43_1
Y,2022,2811-83263,CHR,,kid,CHR-043,508,,43,blood,508,25.144,CO 2022 Field Box 3,,,CO-83263,508,43,1,CHR_43_1
Y,2022,2811-83264,CHR,,kid,CHR-043,607,,43,blood,607,89.641,CO 2022 Field Box 4,,,CO-83264,607,43,1,CHR_43_1
Y,2022,2811-83265,CHR,,kid,CHR-043,608,,43,blood,608,137.428,CO 2022 Field Box 4,,,CO-83265,608,43,1,CHR_43_1
Y,2022,2850-57567,CHR,M,dad,CHR-043,368,,43,blood,368,21.146,Colorado Field Blood 2022 Box 1,,,CO-57567,368,NA,NA,NA
Y,2022,2850-57736,CHR,F,mom,CHR-043,552,,43,blood,552,34.309,CO 2022 Field Box 3,,,CO-57736,552,NA,NA,NA
Y,2022,T011,CHR,,kid,CHR-043,T011,,43,tissue,T011,65.361,1.997,,,CO-T011,T011,43,1,CHR_43_1
N,2022,2850-57588,CHR,F,mom,CHR-045,841,,45,blood,673,6.513,CO 2022 Field Box 5,,,CO-57588,841,NA,NA,NA
Y,2022,2850-57653,CHR,M,dad,CHR-045,372,,45,blood,372,35.828,Colorado Field Blood 2022 Box 1,,,CO-57653,372,NA,NA,NA
Y,2022,2881-34082,CHR,,kid,CHR-045,786,,45,blood,786,34.471,CO 2022 Field Box 6,,,CO-34082,786,45,2,CHR_45_2
Y,2022,2881-34083,CHR,,kid,CHR-045,787,,45,blood,787,74.074,CO 2022 Field Box 6,,,CO-34083,787,45,2,CHR_45_2
Y,2022,2881-34084,CHR,,kid,CHR-045,788,,45,blood,788,83.333,CO 2022 Field Box 6,,,CO-34084,788,45,2,CHR_45_2
Y,2022,T008,CHR,,kid,CHR-045,T008,,45,tissue,T008,285.167,1.955,,,CO-T008,T008,45,2,CHR_45_2
Y,2022,2850-57646,CHR,M,dad,CHR-054,370,,#N/A,blood,370,55.645,Colorado Field Blood 2022 Box 1,,,CO-57646,370,NA,NA,NA
N,2022,2850-57571,CHR,F,mom,CHR-058,838,,58,blood,427,3.546,CO 2022 Field Box 2,,,CO-57571,838,NA,NA,NA
Y,2022,2850-57579,CHR,M,dad,CHR-058,339,,58,blood,339,21.191,Colorado Field Blood 2022 Box 1,,,CO-57579,339,NA,NA,NA
Y,2022,2881-34022,CHR,,kid,CHR-058,585,,58,blood,585,59.537,CO 2022 Field Box 4,,,CO-34022,585,58,1,CHR_58_1
Y,2022,2881-34023,CHR,,kid,CHR-058,586,,58,blood,586,40.778,CO 2022 Field Box 4,,,CO-34023,586,58,1,CHR_58_1
Y,2022,2881-34024,CHR,,kid,CHR-058,587,,58,blood,587,85.737,CO 2022 Field Box 4,,,CO-34024,587,58,1,CHR_58_1
Y,2022,T010,CHR,,kid,CHR-058,T010,,58,tissue,T010,384.279,2.057,,,CO-T010,T010,58,1,CHR_58_1
Y,2022,2811-83323,CHR,,kid,CHR-066,656,,16,blood,656,208.244,CO 2022 Field Box 5,,,CO-83323,656,16,2,CHR_16_2
Y,2022,2811-83324,CHR,,kid,CHR-066,657,,16,blood,657,69.055,CO 2022 Field Box 5,,,CO-83324,657,16,2,CHR_16_2
Y,2022,2811-83325,CHR,,kid,CHR-066,658,,16,blood,658,118.426,CO 2022 Field Box 5,,,CO-83325,658,16,2,CHR_16_2
Y,2022,2811-83326,CHR,,kid,CHR-066,659,,16,blood,659,191.328,CO 2022 Field Box 5,,,CO-83326,659,16,2,CHR_16_2
N,2022,2850-57581,CHR,M,dad,CHR-066,876,,16,blood,341,18.923,Colorado Field Blood 2022 Box 1,,,CO-57581,876,NA,NA,NA
Y,2022,2850-57652,CHR,F,mom,CHR-066,397,,16,blood,397,35.601,Colorado Field Blood 2022 Box 1,,,CO-57652,397,NA,NA,NA
Y,2022,2881-34014,CHR,,kid,CHR-066,579,,66,blood,579,87.366,CO 2022 Field Box 4,,,CO-34014,579,66,1,CHR_66_1
Y,2022,2881-34015,CHR,,kid,CHR-066,580,,66,blood,580,47.479,CO 2022 Field Box 4,,,CO-34015,580,66,1,CHR_66_1
Y,2022,2850-57670,CHR,F,mom,CHR-073,400,,73,blood,400,20.205,Colorado Field Blood 2022 Box 1,,,CO-57670,400,NA,NA,NA
Y,2022,2850-57671,CHR,M,dad,CHR-073,380,,73,blood,380,73.608,Colorado Field Blood 2022 Box 1,,,CO-57671,380,NA,NA,NA
Y,2022,2881-34029,CHR,,kid,CHR-073,631,,73,blood,631,402.008,CO 2022 Field Box 4,,,CO-34029,631,73,1,CHR_73_1
Y,2022,2881-34030,CHR,,kid,CHR-073,632,,73,blood,632,103.094,CO 2022 Field Box 4,,,CO-34030,632,73,1,CHR_73_1
Y,2022,2881-34031,CHR,,kid,CHR-073,633,,73,blood,633,264.098,CO 2022 Field Box 4,,,CO-34031,633,73,1,CHR_73_1
Y,2022,2881-34032,CHR,,kid,CHR-073,634,,73,blood,634,132.285,CO 2022 Field Box 4,,,CO-34032,634,73,1,CHR_73_1
Y,2022,T002,CHR,,kid,CHR-073,T002,,73,tissue,T002,129.423,2.015,,,CO-T002,T002,73,1,CHR_73_1
N,2022,2811-83274,CHR,,kid,CHR-074,871,,74,blood,509,18.479,CO 2022 Field Box 3,,,CO-83274,871,74,1,CHR_74_1
N,2022,2811-83275,CHR,,kid,CHR-074,818,,74,blood,510,14.245,CO 2022 Field Box 3,,,CO-83275,818,74,1,CHR_74_1
N,2022,2811-83276,CHR,,kid,CHR-074,819,,74,blood,511,5.674,CO 2022 Field Box 3,,,CO-83276,819,74,1,CHR_74_1
Y,2022,2850-57582,CHR,M,dad,CHR-074,342,,74,blood,342,26.442,Colorado Field Blood 2022 Box 1,,,CO-57582,342,NA,NA,NA
Y,2022,2850-57746,CHR,F,mom,CHR-074,406,,74,blood,406,22.312,Colorado Field Blood 2022 Box 1,,,CO-57746,406,NA,NA,NA
Y,2022,2881-33677,CHR,,kid,CHR-074,741,,6,blood,741,230.103,CO 2022 Field Box 6,,,CO-33677,741,6,2,CHR_6_2
Y,2022,2881-33678,CHR,,kid,CHR-074,742,,6,blood,742,239.181,CO 2022 Field Box 6,,,CO-33678,742,6,2,CHR_6_2
Y,2022,2881-33679,CHR,,kid,CHR-074,743,,6,blood,743,91.308,CO 2022 Field Box 6,,,CO-33679,743,6,2,CHR_6_2
Y,2022,2881-33680,CHR,,kid,CHR-074,744,,6,blood,744,110.426,CO 2022 Field Box 6,,,CO-33680,744,6,2,CHR_6_2
Y,2022,2811-83427,CHR,,kid,CHR-078,805,,78,blood,805,101.203,CO 2022 Field Box 7,,,CO-83427,805,78,1,CHR_78_1
Y,2022,2811-83428,CHR,,kid,CHR-078,806,,78,blood,806,77.356,CO 2022 Field Box 7,,,CO-83428,806,78,1,CHR_78_1
Y,2022,2811-83429,CHR,,kid,CHR-078,807,,78,blood,807,42.999,CO 2022 Field Box 7,,,CO-83429,807,78,1,CHR_78_1
Y,2022,2811-83430,CHR,,kid,CHR-078,808,,78,blood,808,36.838,CO 2022 Field Box 7,,,CO-83430,808,78,1,CHR_78_1
Y,2022,2811-83431,CHR,,kid,CHR-078,809,,78,blood,809,97.342,CO 2022 Field Box 7,,,CO-83431,809,78,1,CHR_78_1
Y,2022,2850-57656,CHR,F,mom,CHR-078,675,,78,blood,675,39.875,CO 2022 Field Box 5,,,CO-57656,675,NA,NA,NA
Y,2022,2850-57744,CHR,M,dad,CHR-078,404,,78,blood,404,39.347,Colorado Field Blood 2022 Box 1,,,CO-57744,404,NA,NA,NA
Y,2022,2811-83118,CHR,,kid,CHR-080,493,,80,blood,493,33.052,CO 2022 Field Box 3,,,CO-83118,493,80,1,CHR_80_1
Y,2022,2811-83119,CHR,,kid,CHR-080,494,,80,blood,494,56.859,CO 2022 Field Box 3,,,CO-83119,494,80,1,CHR_80_1
Y,2022,2811-83120,CHR,,kid,CHR-080,495,,80,blood,495,222.461,CO 2022 Field Box 3,,,CO-83120,495,80,1,CHR_80_1
Y,2022,2811-83121,CHR,,kid,CHR-080,496,,80,blood,496,60.704,CO 2022 Field Box 3,,,CO-83121,496,80,1,CHR_80_1
Y,2022,2850-57580,CHR,M,dad,CHR-080,340,,80,blood,340,29.903,Colorado Field Blood 2022 Box 1,,,CO-57580,340,NA,NA,NA
N,2022,2850-57654,CHR,F,mom,CHR-080,881,,80,blood,415,17.376,CO 2022 Field Box 1,,,CO-57654,881,NA,NA,NA
Y,2022,2850-57745,CHR,M,dad,CHR-082,405,,#N/A,blood,405,34.067,Colorado Field Blood 2022 Box 1,,,CO-57745,405,NA,NA,NA
N,2022,2811-82969,CHR,M,dad,CHR-085,116,,#N/A,blood,363,29.775,Colorado Field Blood 2022 Box 1,,,CO-82969,116,NA,NA,NA
Y,2022,2640-97588,CHR,M,dad,CHR-093,384,,93,blood,384,19.904,Colorado Field Blood 2022 Box 1,,,CO-97588,384,NA,NA,NA
Y,2022,2811-83074,CHR,,kid,CHR-093,472,,93,blood,472,186.782,CO 2022 Field Box 2,,,CO-83074,472,93,1,CHR_93_1
Y,2022,2811-83075,CHR,,kid,CHR-093,473,,93,blood,473,76.048,CO 2022 Field Box 2,,,CO-83075,473,93,1,CHR_93_1
Y,2022,2811-83076,CHR,,kid,CHR-093,474,,93,blood,474,593.305,CO 2022 Field Box 2,,,CO-83076,474,93,1,CHR_93_1
Y,2022,2811-83077,CHR,,kid,CHR-093,475,,93,blood,475,428.014,CO 2022 Field Box 2,,,CO-83077,475,93,1,CHR_93_1
Y,2022,2811-83078,CHR,,kid,CHR-093,476,,93,blood,476,43.183,CO 2022 Field Box 2,,,CO-83078,476,93,1,CHR_93_1
Y,2022,2850-57730,CHR,F,mom,CHR-093,438,,93,blood,438,38.818,CO 2022 Field Box 2,,,CO-57730,438,NA,NA,NA
Y,2022,2881-34071,CHR,,kid,CHR-093,778,,93,blood,778,73.319,CO 2022 Field Box 6,,,CO-34071,778,93,2,CHR_93_2
Y,2022,2881-34072,CHR,,kid,CHR-093,779,,93,blood,779,83.154,CO 2022 Field Box 6,,,CO-34072,779,93,2,CHR_93_2
Y,2022,2881-34073,CHR,,kid,CHR-093,780,,93,blood,780,81.903,CO 2022 Field Box 6,,,CO-34073,780,93,2,CHR_93_2
Y,2022,2881-34074,CHR,,kid,CHR-093,781,,93,blood,781,69.356,CO 2022 Field Box 6,,,CO-34074,781,93,2,CHR_93_2
Y,2022,2811-83301,CHR,,kid,CHR-096,650,,96,blood,650,55.883,CO 2022 Field Box 5,,,CO-83301,650,96,1,CHR_96_1
Y,2022,2811-83302,CHR,,kid,CHR-096,651,,96,blood,651,105.466,CO 2022 Field Box 5,,,CO-83302,651,96,1,CHR_96_1
Y,2022,2811-83304,CHR,,kid,CHR-096,652,,96,blood,652,198.587,CO 2022 Field Box 5,,,CO-83304,652,96,1,CHR_96_1
Y,2022,2811-83320,CHR,,kid,CHR-096,653,,96.2,blood,653,61.66,CO 2022 Field Box 5,,,CO-83320,653,96,2,CHR_96_2
Y,2022,2811-83321,CHR,,kid,CHR-096,654,,96.2,blood,654,179.413,CO 2022 Field Box 5,,,CO-83321,654,96,2,CHR_96_2
Y,2022,2811-83322,CHR,,kid,CHR-096,655,,96.2,blood,655,65.121,CO 2022 Field Box 5,,,CO-83322,655,96,2,CHR_96_2
Y,2022,2850-57568,CHR,F,mom,CHR-096,670,,96.2,blood,670,80.046,CO 2022 Field Box 5,,,CO-57568,670,NA,NA,NA
,2022,2850-57806,CHR,M,dad,CHR-096,420,,,,,NA,,,,CO-57806,420,NA,NA,NA
Y,2022,T001,CHR,,kid,CHR-096,T001,,96,tissue,T001,593.258,2.044,,,CO-T001,T001,96,1,CHR_96_1
N,2022,2850-57583,CHR,F,mom,CHR-097,877,,97,blood,391,15.691,Colorado Field Blood 2022 Box 1,,,CO-57583,877,NA,NA,NA
Y,2022,2850-57589,CHR,M,dad,CHR-097,344,,97,blood,344,20.075,Colorado Field Blood 2022 Box 1,,,CO-57589,344,NA,NA,NA
Y,2022,2881-33681,CHR,,kid,CHR-097,745,,19,blood,745,198.425,CO 2022 Field Box 6,,,CO-33681,745,19,2,CHR_19_2
Y,2022,2881-33682,CHR,,kid,CHR-097,746,,19,blood,746,240.418,CO 2022 Field Box 6,,,CO-33682,746,19,2,CHR_19_2
Y,2022,2881-33683,CHR,,kid,CHR-097,747,,19,blood,747,208.866,CO 2022 Field Box 6,,,CO-33683,747,19,2,CHR_19_2
Y,2022,2881-34017,CHR,,kid,CHR-097,581,,97,blood,581,97.93,CO 2022 Field Box 4,,,CO-34017,581,97,1,CHR_97_1
Y,2022,2881-34018,CHR,,kid,CHR-097,582,,97,blood,582,107.859,CO 2022 Field Box 4,,,CO-34018,582,97,1,CHR_97_1
Y,2022,2881-34019,CHR,,kid,CHR-097,583,,97,blood,583,95.149,CO 2022 Field Box 4,,,CO-34019,583,97,1,CHR_97_1
Y,2022,2881-34020,CHR,,kid,CHR-097,584,,97,blood,584,140.826,CO 2022 Field Box 4,,,CO-34020,584,97,1,CHR_97_1
Y,2022,T003,CHR,,kid,CHR-097,T003,,19,tissue,T003,289.996,2.029,,,CO-T003,T003,19,2,CHR_19_2
N,2022,2811-83306,CHR,,kid,CHR-099,872,,99,blood,523,15.248,CO 2022 Field Box 3,,,CO-83306,872,99,1,CHR_99_1
N,2022,2811-83307,CHR,,kid,CHR-099,829,,99,blood,524,6.781,CO 2022 Field Box 3,,,CO-83307,829,99,1,CHR_99_1
N,2022,2811-83308,CHR,,kid,CHR-099,830,,99,blood,525,7.868,CO 2022 Field Box 3,,,CO-83308,830,99,1,CHR_99_1
N,2022,2811-83309,CHR,,kid,CHR-099,831,,99,blood,526,3.584,CO 2022 Field Box 3,,,CO-83309,831,99,1,CHR_99_1
Y,2022,2811-83439,CHR,,kid,CHR-099,810,,99,blood,810,86.709,CO 2022 Field Box 7,,,CO-83439,810,99,2,CHR_99_2
Y,2022,2811-83440,CHR,,kid,CHR-099,811,,99,blood,811,73.006,CO 2022 Field Box 7,,,CO-83440,811,99,2,CHR_99_2
Y,2022,2811-83441,CHR,,kid,CHR-099,812,,99,blood,812,99.291,CO 2022 Field Box 7,,,CO-83441,812,99,2,CHR_99_2
Y,2022,2811-83442,CHR,,kid,CHR-099,813,,99,blood,813,59.243,CO 2022 Field Box 7,,,CO-83442,813,99,2,CHR_99_2
Y,2022,2850-57578,CHR,M,dad,CHR-099,338,,99,blood,338,24.254,Colorado Field Blood 2022 Box 1,,,CO-57578,338,NA,NA,NA
N,2022,2850-57883,CHR,F,mom,CHR-099,862,,99,blood,447,10.014,CO 2022 Field Box 2,,,CO-57883,862,NA,NA,NA
N,2022,2640-97589,CHR,M,dad,CHR-102,864,,102,blood,361,17.669,Colorado Field Blood 2022 Box 1,,,CO-97589,864,NA,NA,NA
Y,2022,2811-38984,CHR,F,mom,CHR-102,385,,102,blood,385,44.04,Colorado Field Blood 2022 Box 1,,,CO-38984,385,NA,NA,NA
Y,2022,2811-83081,CHR,,kid,CHR-102,479,,102,blood,479,47.568,CO 2022 Field Box 2,,,CO-83081,479,102,1,CHR_102_1
Y,2022,2811-83082,CHR,,kid,CHR-102,480,,102,blood,480,94.834,CO 2022 Field Box 2,,,CO-83082,480,102,1,CHR_102_1
Y,2022,2811-83083,CHR,,kid,CHR-102,481,,102,blood,481,98.453,CO 2022 Field Box 2,,,CO-83083,481,102,1,CHR_102_1
Y,2022,2881-34075,CHR,,kid,CHR-102,782,,102.2,blood,782,92.124,CO 2022 Field Box 6,,,CO-34075,782,102.2,2,CHR_102.2_2
Y,2022,2881-34076,CHR,,kid,CHR-102,783,,102.2,blood,783,78.181,CO 2022 Field Box 6,,,CO-34076,783,102.2,2,CHR_102.2_2
Y,2022,2881-34077,CHR,,kid,CHR-102,784,,102.2,blood,784,82.976,CO 2022 Field Box 6,,,CO-34077,784,102.2,2,CHR_102.2_2
Y,2022,2881-34078,CHR,,kid,CHR-102,785,,102.2,blood,785,123.204,CO 2022 Field Box 6,,,CO-34078,785,102.2,2,CHR_102.2_2
Y,2022,2811-83228,CHR,,kid,CHR-110,504,,110,blood,504,23.708,CO 2022 Field Box 3,,,CO-83228,504,110,1,CHR_110_1
Y,2022,2811-83229,CHR,,kid,CHR-110,505,,110,blood,505,31.997,CO 2022 Field Box 3,,,CO-83229,505,110,1,CHR_110_1
N,2022,2811-83230,CHR,,kid,CHR-110,817,,110,blood,506,13.149,CO 2022 Field Box 3,,,CO-83230,817,110,1,CHR_110_1
N,2022,2811-83231,CHR,,kid,CHR-110,870,,110,blood,507,16.452,CO 2022 Field Box 3,,,CO-83231,870,110,1,CHR_110_1
Y,2022,2850-57742,CHR,M,dad,CHR-110,402,,110,blood,402,44.605,Colorado Field Blood 2022 Box 1,,,CO-57742,402,NA,NA,NA
Y,2022,2850-57846,CHR,F,mom,CHR-110,442,,110,blood,442,30.466,CO 2022 Field Box 2,,,CO-57846,442,NA,NA,NA
Y,2022,2881-34091,CHR,,kid,CHR-110,792,,52,blood,792,67.954,CO 2022 Field Box 6,,,CO-34091,792,52,2,CHR_52_2
Y,2022,2881-34093,CHR,,kid,CHR-110,793,,52,blood,793,34.324,CO 2022 Field Box 6,,,CO-34093,793,52,2,CHR_52_2
N,2022,2811-83300,CHR,,kid,CHR-112,828,,112,blood,521,5.686,CO 2022 Field Box 3,,,CO-83300,828,112,1,CHR_112_1
N,2022,2811-83413,CHR,,kid,CHR-112,835,,112,blood,537,10.014,CO 2022 Field Box 3,,,CO-83413,835,112,1,CHR_112_1
Y,2022,2811-83414,CHR,,kid,CHR-112,538,,112,blood,538,46.595,CO 2022 Field Box 3,,,CO-83414,538,112,1,CHR_112_1
Y,2022,2811-83415,CHR,,kid,CHR-112,539,,112,blood,539,42.203,CO 2022 Field Box 3,,,CO-83415,539,112,1,CHR_112_1
Y,2022,2811-83443,CHR,,kid,CHR-112,662,,112.2,blood,662,84.853,CO 2022 Field Box 5,,,CO-83443,662,112.2,2,CHR_112.2_2
Y,2022,2811-83444,CHR,,kid,CHR-112,663,,112.2,blood,663,318.369,CO 2022 Field Box 5,,,CO-83444,663,112.2,2,CHR_112.2_2
Y,2022,2811-83445,CHR,,kid,CHR-112,664,,112.2,blood,664,229.703,CO 2022 Field Box 5,,,CO-83445,664,112.2,2,CHR_112.2_2
Y,2022,2811-83446,CHR,,kid,CHR-112,665,,112.2,blood,665,173.125,CO 2022 Field Box 5,,,CO-83446,665,112.2,2,CHR_112.2_2
Y,2022,2850-57647,CHR,M,dad,CHR-112,371,,112,blood,371,25.483,Colorado Field Blood 2022 Box 1,,,CO-57647,371,NA,NA,NA
Y,2022,2850-57879,CHR,F,mom,CHR-112,445,,112,blood,445,20.394,CO 2022 Field Box 2,,,CO-57879,445,NA,NA,NA
Y,2022,2811-83316,CHR,,kid,CHR-128,529,,128,blood,529,21.449,CO 2022 Field Box 3,,,CO-83316,529,128,1,CHR_128_1
N,2022,2811-83317,CHR,,kid,CHR-128,832,,128,blood,530,6.752,CO 2022 Field Box 3,,,CO-83317,832,128,1,CHR_128_1
N,2022,2811-83318,CHR,,kid,CHR-128,833,,128,blood,531,3.577,CO 2022 Field Box 3,,,CO-83318,833,128,1,CHR_128_1
N,2022,2811-83319,CHR,,kid,CHR-128,815,,128,blood,532,0.359,CO 2022 Field Box 3,,,CO-83319,815,128,1,CHR_128_1
Y,2022,2811-83465,CHR,,kid,CHR-128,666,,150,blood,666,109.793,CO 2022 Field Box 5,,,CO-83465,666,150,2,CHR_150_2
N,2022,2850-57577,CHR,M,dad,CHR-128,875,,128,blood,337,16.614,Colorado Field Blood 2022 Box 1,,,CO-57577,875,NA,NA,NA
Y,2022,2870-65003,CHR,F,mom,CHR-128,421,,128,blood,421,48.875,CO 2022 Field Box 2,,,CO-65003,421,NA,NA,NA
Y,2022,2811-83432,CHR,,kid,CHR-133,609,,133,blood,609,53.969,CO 2022 Field Box 4,,,CO-83432,609,133,1,CHR_133_1
Y,2022,2811-83466,CHR,,kid,CHR-133,667,,151,blood,667,117.36,CO 2022 Field Box 5,,,CO-83466,667,151,2,CHR_151_2
Y,2022,2811-83467,CHR,,kid,CHR-133,668,,151,blood,668,107.386,CO 2022 Field Box 5,,,CO-83467,668,151,2,CHR_151_2
Y,2022,2811-83468,CHR,,kid,CHR-133,669,,151,blood,669,114.314,CO 2022 Field Box 5,,,CO-83468,669,151,2,CHR_151_2
Y,2022,2850-57570,CHR,M,dad,CHR-133,369,,133,blood,369,42.65,Colorado Field Blood 2022 Box 1,,,CO-57570,369,NA,NA,NA
N,2022,2850-57648,CHR,F,mom,CHR-133,851,,133,blood,394,11.559,Colorado Field Blood 2022 Box 1,,,CO-57648,851,NA,NA,NA
Y,2022,2850-57880,CHR,M,dad,CHR-139,446,,#N/A,blood,446,24.876,CO 2022 Field Box 2,,,CO-57880,446,NA,NA,NA
Y,2022,2870-64909,CHR,F,mom,CHR-148,684,,148,blood,684,143.706,CO 2022 Field Box 5,,,CO-64909,684,NA,NA,NA
Y,2022,2881-33696,CHR,,kid,CHR-148,748,,148,blood,748,94.331,CO 2022 Field Box 6,,,CO-33696,748,148,2,CHR_148_2
Y,2022,2881-33697,CHR,,kid,CHR-148,749,,148,blood,749,104.436,CO 2022 Field Box 6,,,CO-33697,749,148,2,CHR_148_2
Y,2022,2881-33698,CHR,,kid,CHR-148,750,,148,blood,750,120.38,CO 2022 Field Box 6,,,CO-33698,750,148,2,CHR_148_2
Y,2022,2881-33699,CHR,,kid,CHR-148,751,,148,blood,751,158.031,CO 2022 Field Box 6,,,CO-33699,751,148,2,CHR_148_2
Y,2022,2850-57582,CHR,M,dad,CHR-148,342,,,blood,342,26.442,Colorado Field Blood 2022 Box 1,,,CO-57582,342,NA,NA,NA
Y,2022,2850-57586,CHR,F,mom,CHR-149,672,,149,blood,672,120.301,CO 2022 Field Box 5,,,CO-57586,672,NA,NA,NA
Y,2022,2850-57669,CHR,M,dad,CHR-149,379,,#N/A,blood,379,32.713,Colorado Field Blood 2022 Box 1,,,CO-57669,379,NA,NA,NA
Y,2022,2811-83240,Cooks,,kid,Cooks-02,594,,2,blood,594,54.94,CO 2022 Field Box 4,,,CO-83240,594,2,1,Cook's_2_1
N,2022,2850-57633,Cooks,M,dad,Cooks-02,847,,2,blood,431,12.16,CO 2022 Field Box 2,,,CO-57633,847,NA,NA,NA
N,2022,2850-57637,Cooks,F,mom,Cooks-02,848,,2,blood,392,14.722,Colorado Field Blood 2022 Box 1,,,CO-57637,848,NA,NA,NA
Y,2022,2850-57574,Cooks,M,dad,Cooks-04,336,,4,blood,336,23.089,Colorado Field Blood 2022 Box 1,,,CO-57574,336,NA,NA,NA
Y,2022,2850-57575,Cooks,F,mom,Cooks-04,389,,4,blood,389,31.716,Colorado Field Blood 2022 Box 1,,,CO-57575,389,NA,NA,NA
Y,2022,2881-34025,Cooks,,kid,Cooks-04,588,,4,blood,588,114.096,CO 2022 Field Box 4,,,CO-34025,588,4,1,Cook's_4_1
Y,2022,2881-34026,Cooks,,kid,Cooks-04,589,,4,blood,589,59.154,CO 2022 Field Box 4,,,CO-34026,589,4,1,Cook's_4_1
Y,2022,2881-34027,Cooks,,kid,Cooks-04,590,,4,blood,590,56.062,CO 2022 Field Box 4,,,CO-34027,590,4,1,Cook's_4_1
Y,2022,2881-34028,Cooks,,kid,Cooks-04,591,,4,blood,591,51.882,CO 2022 Field Box 4,,,CO-34028,591,4,1,Cook's_4_1
Y,2022,2850-57557,Cooks,M,dad,Cooks-06,366,,6,blood,366,42.468,Colorado Field Blood 2022 Box 1,,,CO-57557,366,NA,NA,NA
Y,2022,2850-57609,Cooks,F,mom,Cooks-06,428,,6,blood,428,63.526,CO 2022 Field Box 2,,,CO-57609,428,NA,NA,NA
Y,2022,2881-34005,Cooks,,kid,Cooks-06,450,,6,blood,450,35.613,CO 2022 Field Box 2,,,CO-34005,450,6,1,Cook's_6_1
Y,2022,2881-34006,Cooks,,kid,Cooks-06,571,,6,blood,571,84.488,CO 2022 Field Box 4,,,CO-34006,571,6,1,Cook's_6_1
Y,2022,2881-34007,Cooks,,kid,Cooks-06,572,,6,blood,572,54.989,CO 2022 Field Box 4,,,CO-34007,572,6,1,Cook's_6_1
Y,2022,2881-34008,Cooks,,kid,Cooks-06,573,,6,blood,573,86.476,CO 2022 Field Box 4,,,CO-34008,573,6,1,Cook's_6_1
Y,2022,2881-34009,Cooks,,kid,Cooks-06,574,,6,blood,574,87.687,CO 2022 Field Box 4,,,CO-34009,574,6,1,Cook's_6_1
N,2022,2850-57657,CHR,M,dad,none,852,,,blood,373,11.34,Colorado Field Blood 2022 Box 1,,,CO-57657,852,NA,NA,NA
Y,2022,2850-57675,Cooks,M,dad,Cooks-13,884,,,,884,22.784,CO 2022 Field Box 8,,,CO-57675,884,NA,NA,NA
Y,2022,2850-57749,Cooks,F,mom,Cooks-13,681,,13,blood,681,87.374,CO 2022 Field Box 5,,,CO-57749,681,NA,NA,NA
Y,2022,2881-34060,Cooks,,kid,Cooks-13,774,,13,blood,774,280.739,CO 2022 Field Box 6,,,CO-34060,774,13,1,Cook's_13_1
Y,2022,2881-34061,Cooks,,kid,Cooks-13,775,,13,blood,775,81.553,CO 2022 Field Box 6,,,CO-34061,775,13,1,Cook's_13_1
Y,2022,2881-34062,Cooks,,kid,Cooks-13,776,,13,blood,776,179.078,CO 2022 Field Box 6,,,CO-34062,776,13,1,Cook's_13_1
Y,2022,2881-34063,Cooks,,kid,Cooks-13,777,,13,blood,777,95.646,CO 2022 Field Box 6,,,CO-34063,777,13,1,Cook's_13_1
N,2022,2850-57672,Cooks,F,mom,Cooks-17,883,,17,blood,401,16.791,Colorado Field Blood 2022 Box 1,,,CO-57672,883,NA,NA,NA
Y,2022,2850-57673,Cooks,M,dad,Cooks-17,381,,17,blood,381,40.504,Colorado Field Blood 2022 Box 1,,,CO-57673,381,NA,NA,NA
Y,2022,2881-34033,Cooks,,kid,Cooks-17,635,,17,blood,635,127.226,CO 2022 Field Box 4,,,CO-34033,635,17,1,Cook's_17_1
Y,2022,2881-34034,Cooks,,kid,Cooks-17,636,,17,blood,636,109.663,CO 2022 Field Box 4,,,CO-34034,636,17,1,Cook's_17_1
Y,2022,2881-34035,Cooks,,kid,Cooks-17,637,,17,blood,637,144.629,CO 2022 Field Box 4,,,CO-34035,637,17,1,Cook's_17_1
Y,2022,2881-34036,Cooks,,kid,Cooks-17,638,,17,blood,638,88.072,CO 2022 Field Box 4,,,CO-34036,638,17,1,Cook's_17_1
Y,2022,2811-83130,Cooks,,kid,Cooks-27,640,,27,blood,640,132.064,CO 2022 Field Box 4,,,CO-83130,640,27,1,Cook's_27_1
Y,2022,2811-83131,Cooks,,kid,Cooks-27,641,,27,blood,641,132.785,CO 2022 Field Box 4,,,CO-83131,641,27,1,Cook's_27_1
Y,2022,2811-83132,Cooks,,kid,Cooks-27,642,,27,blood,642,99.244,CO 2022 Field Box 4,,,CO-83132,642,27,1,Cook's_27_1
Y,2022,2850-57664,Cooks,F,mom,Cooks-27,676,,27,blood,676,104.167,CO 2022 Field Box 5,,,CO-57664,676,NA,NA,NA
Y,2022,2850-57676,Cooks,M,dad,Cooks-27,432,,27,blood,432,25.832,CO 2022 Field Box 2,,,CO-57676,432,NA,NA,NA
Y,2022,2811-83069,Cooks,,kid,Cooks-29,467,,29,blood,467,26.109,CO 2022 Field Box 2,,,CO-83069,467,29,1,Cook's_29_1
Y,2022,2811-83070,Cooks,,kid,Cooks-29,468,,29,blood,468,37.509,CO 2022 Field Box 2,,,CO-83070,468,29,1,Cook's_29_1
Y,2022,2811-83071,Cooks,,kid,Cooks-29,469,,29,blood,469,47.82,CO 2022 Field Box 2,,,CO-83071,469,29,1,Cook's_29_1
Y,2022,2811-83072,Cooks,,kid,Cooks-29,470,,29,blood,470,193.319,CO 2022 Field Box 2,,,CO-83072,470,29,1,Cook's_29_1
N,2022,2811-83073,Cooks,,kid,Cooks-29,866,,29,blood,471,16.452,CO 2022 Field Box 2,,,CO-83073,866,29,1,Cook's_29_1
Y,2022,2850-57638,Cooks,M,dad,Cooks-29,354,,29,blood,354,25.374,Colorado Field Blood 2022 Box 1,,,CO-57638,354,NA,NA,NA
N,2022,2850-57853,Cooks,F,mom,Cooks-29,64,,29,blood,443,41.13,CO 2022 Field Box 2,,,CO-57853,64,NA,NA,NA
Y,2022,2881-34055,Cooks,,kid,Cooks-29,769,,8,blood,769,87.403,CO 2022 Field Box 6,,,CO-34055,769,8,2,Cook's_8_2
Y,2022,2881-34056,Cooks,,kid,Cooks-29,770,,8,blood,770,79.466,CO 2022 Field Box 6,,,CO-34056,770,8,2,Cook's_8_2
Y,2022,2881-34057,Cooks,,kid,Cooks-29,771,,8,blood,771,135.75,CO 2022 Field Box 6,,,CO-34057,771,8,2,Cook's_8_2
Y,2022,2881-34058,Cooks,,kid,Cooks-29,772,,8,blood,772,257.868,CO 2022 Field Box 6,,,CO-34058,772,8,2,Cook's_8_2
Y,2022,2881-34059,Cooks,,kid,Cooks-29,773,,8,blood,773,205.101,CO 2022 Field Box 6,,,CO-34059,773,8,2,Cook's_8_2
Y,2022,2811-83258,Cooks,,kid,Cooks-31,603,,31,blood,603,49.552,CO 2022 Field Box 4,,,CO-83258,603,31,1,Cook's_31_1
Y,2022,2811-83260,Cooks,,kid,Cooks-31,604,,31,blood,604,54.81,CO 2022 Field Box 4,,,CO-83260,604,31,1,Cook's_31_1
Y,2022,2811-83261,Cooks,,kid,Cooks-31,605,,31,blood,605,217.711,CO 2022 Field Box 4,,,CO-83261,605,31,1,Cook's_31_1
N,2022,2850-57573,Cooks,M,dad,Cooks-31,840,,14,blood,335,7.242,Colorado Field Blood 2022 Box 1,,,CO-57573,840,NA,NA,NA
N,2022,2850-57663,Cooks,F,mom,Cooks-31,882,,14,blood,399,19.045,Colorado Field Blood 2022 Box 1,,,CO-57663,882,NA,NA,NA
Y,2022,2881-33658,Cooks,,kid,Cooks-31,729,,14,blood,729,153.107,CO 2022 Field Box 5,,,CO-33658,729,14,2,Cook's_14_2
Y,2022,2881-33659,Cooks,,kid,Cooks-31,730,,14,blood,730,68.319,CO 2022 Field Box 5,,,CO-33659,730,14,2,Cook's_14_2
Y,2022,2881-33660,Cooks,,kid,Cooks-31,731,,14,blood,731,157.14,CO 2022 Field Box 6,,,CO-33660,731,14,2,Cook's_14_2
Y,2022,2881-33661,Cooks,,kid,Cooks-31,732,,14,blood,732,73.493,CO 2022 Field Box 6,,,CO-33661,732,14,2,Cook's_14_2
Y,2022,2850-57700,Cooks,F,mom,Cooks-33,680,,33,blood,680,64.467,CO 2022 Field Box 5,,,CO-57700,680,NA,NA,NA
Y,2022,2870-64915,Cooks,M,dad,Cooks-33,424,,33,blood,424,27.299,CO 2022 Field Box 2,,,CO-64915,424,NA,NA,NA
Y,2022,2881-33618,Cooks,,kid,Cooks-33,696,,33,blood,696,99.025,CO 2022 Field Box 5,,,CO-33618,696,33,1,Cook's_33_1
Y,2022,2881-33619,Cooks,,kid,Cooks-33,697,,33,blood,697,60.046,CO 2022 Field Box 5,,,CO-33619,697,33,1,Cook's_33_1
Y,2022,2881-33620,Cooks,,kid,Cooks-33,698,,33,blood,698,141.72,CO 2022 Field Box 5,,,CO-33620,698,33,1,Cook's_33_1
Y,2022,2881-33621,Cooks,,kid,Cooks-33,699,,33,blood,699,74.283,CO 2022 Field Box 5,,,CO-33621,699,33,1,Cook's_33_1
N,2022,2811-83207,Dome House,F,mom,DomeHouse-01,201,,1,blood,386,25.32,Colorado Field Blood 2022 Box 1,,,CO-83207,201,NA,NA,NA
N,2022,2811-83281,Dome House,,kid,DomeHouse-01,823,,1,blood,513,6.795,CO 2022 Field Box 3,,,CO-83281,823,1,1,Dome House_1_1
Y,2022,2811-83282,Dome House,,kid,DomeHouse-01,514,,1,blood,514,25.09,CO 2022 Field Box 3,,,CO-83282,514,1,1,Dome House_1_1
N,2022,2850-57643,Dome House,M,dad,DomeHouse-01,850,,1,blood,357,14.753,Colorado Field Blood 2022 Box 1,,,CO-57643,850,NA,NA,NA
Y,2022,2881-33648,Dome House,,kid,DomeHouse-01,613,,2,blood,613,147.841,CO 2022 Field Box 4,,,CO-33648,613,2,2,Dome House_2_2
Y,2022,2881-33650,Dome House,,kid,DomeHouse-01,614,,2,blood,614,183.566,CO 2022 Field Box 4,,,CO-33650,614,2,2,Dome House_2_2
Y,2022,2811-00632,Erica's,M,dad,Ericas-01,362,,#N/A,blood,362,64.765,Colorado Field Blood 2022 Box 1,,,CO-00632,362,NA,NA,NA
Y,2022,2850-57751,Jay's,M,dad,Jays-01,554,,#N/A,blood,554,67.865,CO 2022 Field Box 3,,,CO-57751,554,NA,NA,NA
Y,2022,2850-57636,Jay's,M,dad,Jays-02,353,,#N/A,blood,353,46.642,Colorado Field Blood 2022 Box 1,,Y,CO-57636,353,NA,NA,NA
Y,2022,2850-57661,Karen's,F,mom,Karens-01,398,,1.2,blood,398,31.716,Colorado Field Blood 2022 Box 1,,,CO-57661,398,NA,NA,NA
Y,2022,2850-57662,Karen's,M,dad,Karens-01,375,,1.2,blood,375,44.796,Colorado Field Blood 2022 Box 1,,,CO-57662,375,NA,NA,NA
Y,2022,2881-34085,Karen's,,kid,Karens-01,789,,1.2,blood,789,73.162,CO 2022 Field Box 6,,,CO-34085,789,1.2,2,Karen's_1.2_2
Y,2022,2881-34086,Karen's,,kid,Karens-01,790,,1.2,blood,790,56.152,CO 2022 Field Box 6,,,CO-34086,790,1.2,2,Karen's_1.2_2
Y,2022,2881-34087,Karen's,,kid,Karens-01,791,,1.2,blood,791,42.294,CO 2022 Field Box 6,,,CO-34087,791,1.2,2,Karen's_1.2_2
Y,2022,2811-83290,Make Believe,,kid,MakeBelieve-08,519,,8,blood,519,20.744,CO 2022 Field Box 3,,,CO-83290,519,8,1,Make Believe_8_1
N,2022,2811-83291,Make Believe,,kid,MakeBelieve-08,827,,8,blood,520,7.902,CO 2022 Field Box 3,,,CO-83291,827,8,1,Make Believe_8_1
N,2022,2850-57874,Make Believe,F,mom,MakeBelieve-08,861,,8,blood,444,13.093,CO 2022 Field Box 2,,,CO-57874,861,NA,NA,NA
Y,2022,2850-57875,Make Believe,M,dad,MakeBelieve-08,412,,8,blood,412,28.376,Colorado Field Blood 2022 Box 1,,,CO-57875,412,NA,NA,NA
N,2022,2811-83127,Make Believe,,kid,MakeBelieve-13,868,,13,blood,501,17.525,CO 2022 Field Box 3,,,CO-83127,868,13,1,Make Believe_13_1
N,2022,2811-83128,Make Believe,,kid,MakeBelieve-13,869,,13,blood,502,16.487,CO 2022 Field Box 3,,,CO-83128,869,13,1,Make Believe_13_1
Y,2022,2811-83129,Make Believe,,kid,MakeBelieve-13,503,,13,blood,503,40.057,CO 2022 Field Box 3,,,CO-83129,503,13,1,Make Believe_13_1
Y,2022,2850-57877,Make Believe,M,dad,MakeBelieve-13,426,,13,blood,426,22.792,CO 2022 Field Box 2,,,CO-57877,426,NA,NA,NA
Y,2022,2850-57878,Make Believe,F,mom,MakeBelieve-13,557,,13,blood,557,29.989,CO 2022 Field Box 3,,,CO-57878,557,NA,NA,NA
Y,2022,2811-83254,Make Believe,,kid,MakeBelieve-14,599,,14,blood,599,34.277,CO 2022 Field Box 4,,,CO-83254,599,14,1,Make Believe_14_1
Y,2022,2811-83255,Make Believe,,kid,MakeBelieve-14,600,,14,blood,600,37.323,CO 2022 Field Box 4,,,CO-83255,600,14,1,Make Believe_14_1
Y,2022,2811-83256,Make Believe,,kid,MakeBelieve-14,601,,14,blood,601,162.83,CO 2022 Field Box 4,,,CO-83256,601,14,1,Make Believe_14_1
Y,2022,2811-83257,Make Believe,,kid,MakeBelieve-14,602,,14,blood,602,86.999,CO 2022 Field Box 4,,,CO-83257,602,14,1,Make Believe_14_1
Y,2022,2850-57518,Make Believe,M,dad,MakeBelieve-14,422,,14,blood,422,27.008,CO 2022 Field Box 2,,,CO-57518,422,NA,NA,NA
Y,2022,2850-57576,Make Believe,F,mom,MakeBelieve-14,390,,14,blood,390,21.1,Colorado Field Blood 2022 Box 1,,,CO-57576,390,NA,NA,NA
Y,2022,2881-33646,Make Believe,,kid,MakeBelieve-14,724,,69,blood,724,178.201,CO 2022 Field Box 5,,,CO-33646,724,69,2,Make Believe_69_2
Y,2022,2881-33647,Make Believe,,kid,MakeBelieve-14,725,,69,blood,725,123.231,CO 2022 Field Box 5,,,CO-33647,725,69,2,Make Believe_69_2
N,2022,2811-83283,Make Believe,,kid,MakeBelieve-26,891,,26,blood,515,7.868,CO 2022 Field Box 3,,,CO-83283,891,26,1,Make Believe_26_1
Y,2022,2811-83284,Make Believe,,kid,MakeBelieve-26,516,,26,blood,516,22.647,CO 2022 Field Box 3,,,CO-83284,516,26,1,Make Believe_26_1
N,2022,2811-83285,Make Believe,,kid,MakeBelieve-26,892,,26,blood,517,13.01,CO 2022 Field Box 3,,,CO-83285,892,26,1,Make Believe_26_1
N,2022,2811-83286,Make Believe,,kid,MakeBelieve-26,893,,26,blood,518,13.149,CO 2022 Field Box 3,,,CO-83286,893,26,1,Make Believe_26_1
Y,2022,2850-57872,Make Believe,F,mom,MakeBelieve-26,410,,26,blood,410,41.933,Colorado Field Blood 2022 Box 1,,,CO-57872,410,NA,NA,NA
Y,2022,2850-57873,Make Believe,M,dad,MakeBelieve-26,411,,26,blood,411,45.422,Colorado Field Blood 2022 Box 1,,,CO-57873,411,NA,NA,NA
Y,2022,2881-33666,Make Believe,,kid,MakeBelieve-26,737,,48,blood,737,242.367,CO 2022 Field Box 6,,,CO-33666,737,48,2,Make Believe_48_2
Y,2022,2881-33667,Make Believe,,kid,MakeBelieve-26,738,,48,blood,738,157.694,CO 2022 Field Box 6,,,CO-33667,738,48,2,Make Believe_48_2
Y,2022,2881-33668,Make Believe,,kid,MakeBelieve-26,739,,48,blood,739,177.261,CO 2022 Field Box 6,,,CO-33668,739,48,2,Make Believe_48_2
Y,2022,2881-33669,Make Believe,,kid,MakeBelieve-26,740,,48,blood,740,147.784,CO 2022 Field Box 6,,,CO-33669,740,48,2,Make Believe_48_2
Y,2022,2811-83292,Make Believe,,kid,MakeBelieve-38,801,,34,blood,801,35.689,CO 2022 Field Box 7,,,CO-83292,801,34,1,Make Believe_34_1
Y,2022,2811-83293,Make Believe,,kid,MakeBelieve-38,802,,34,blood,802,25.036,CO 2022 Field Box 7,,,CO-83293,802,34,1,Make Believe_34_1
Y,2022,2811-83294,Make Believe,,kid,MakeBelieve-38,803,,34,blood,803,73.477,CO 2022 Field Box 7,,,CO-83294,803,34,1,Make Believe_34_1
Y,2022,2811-83295,Make Believe,,kid,MakeBelieve-38,804,,34,blood,804,25.036,CO 2022 Field Box 7,,,CO-83295,804,34,1,Make Believe_34_1
Y,2022,2850-57635,Make Believe,F,mom,MakeBelieve-38,674,,38,blood,674,90.218,CO 2022 Field Box 5,,,CO-57635,674,NA,NA,NA
Y,2022,2850-57668,Make Believe,M,dad,MakeBelieve-38,378,,38,blood,378,42.468,Colorado Field Blood 2022 Box 1,,,CO-57668,378,NA,NA,NA
Y,2022,2881-33662,Make Believe,,kid,MakeBelieve-38,733,,38,blood,733,66.47,CO 2022 Field Box 6,,,CO-33662,733,38,2,Make Believe_38_2
Y,2022,2881-33663,Make Believe,,kid,MakeBelieve-38,734,,38,blood,734,128.845,CO 2022 Field Box 6,,,CO-33663,734,38,2,Make Believe_38_2
Y,2022,2881-33664,Make Believe,,kid,MakeBelieve-38,735,,38,blood,735,37.724,CO 2022 Field Box 6,,,CO-33664,735,38,2,Make Believe_38_2
Y,2022,2881-33665,Make Believe,,kid,MakeBelieve-38,736,,38,blood,736,53.559,CO 2022 Field Box 6,,,CO-33665,736,38,2,Make Believe_38_2
N,2022,2850-57680,Make Believe,M,dad,MakeBelieve-62,855,,#N/A,blood,417,13.233,CO 2022 Field Box 2,,,CO-57680,855,NA,NA,NA
Y,2022,2850-57750,Make Believe,M,dad,MakeBelieve-62.2,553,,#N/A,blood,553,63.437,CO 2022 Field Box 3,,,CO-57750,553,NA,NA,NA
,2022,2640-97596,Make Believe,F,mom,MakeBelieve-73,279,,,,,NA,,,,CO-97596,279,NA,NA,NA
Y,2022,2350-21085,Make Believe,M,dad,MakeBelieve-73,359,,73,blood,359,35.139,Colorado Field Blood 2022 Box 1,,,CO-21085,359,NA,NA,NA
Y,2022,2811-83085,Make Believe,,kid,MakeBelieve-73,482,,73,blood,482,80.313,CO 2022 Field Box 2,,,CO-83085,482,73,1,Make Believe_73_1
Y,2022,2811-83086,Make Believe,,kid,MakeBelieve-73,483,,73,blood,483,25.036,CO 2022 Field Box 2,,,CO-83086,483,73,1,Make Believe_73_1
Y,2022,2811-83087,Make Believe,,kid,MakeBelieve-73,484,,73,blood,484,86.566,CO 2022 Field Box 2,,,CO-83087,484,73,1,Make Believe_73_1
Y,2022,2811-83088,Make Believe,,kid,MakeBelieve-73,485,,73,blood,485,34.471,CO 2022 Field Box 2,,,CO-83088,485,73,1,Make Believe_73_1
Y,2022,2811-83089,Make Believe,,kid,MakeBelieve-73,486,,73,blood,486,290.954,CO 2022 Field Box 2,,,CO-83089,486,73,1,Make Believe_73_1
Y,2022,2881-33622,Make Believe,,kid,MakeBelieve-73,700,,73.2,blood,700,91.291,CO 2022 Field Box 5,,,CO-33622,700,73,2,Make Believe_73_2
Y,2022,2881-33623,Make Believe,,kid,MakeBelieve-73,701,,73.2,blood,701,246.373,CO 2022 Field Box 5,,,CO-33623,701,73,2,Make Believe_73_2
Y,2022,2881-33624,Make Believe,,kid,MakeBelieve-73,702,,73.2,blood,702,329.202,CO 2022 Field Box 5,,,CO-33624,702,73,2,Make Believe_73_2
Y,2022,2881-33625,Make Believe,,kid,MakeBelieve-73,703,,73.2,blood,703,78.98,CO 2022 Field Box 5,,,CO-33625,703,73,2,Make Believe_73_2
Y,2022,2881-33626,Make Believe,,kid,MakeBelieve-73,704,,73.2,blood,704,104.167,CO 2022 Field Box 5,,,CO-33626,704,73,2,Make Believe_73_2
N,2022,2811-83310,Marte's,,kid,Marty-01,873,,1,blood,527,15.379,CO 2022 Field Box 3,,,CO-83310,873,1,1,Marty's_1_1
Y,2022,2811-83311,Marte's,,kid,Marty-01,528,,1,blood,528,25.832,CO 2022 Field Box 3,,,CO-83311,528,1,1,Marty's_1_1
Y,2022,2850-57691,Marte's,M,dad,Marty-01,434,,1,blood,434,35.537,CO 2022 Field Box 2,,,CO-57691,434,NA,NA,NA
N,2022,2850-57692,Marte's,F,mom,Marty-01,885,,1,blood,435,17.525,CO 2022 Field Box 2,,,CO-57692,885,NA,NA,NA
Y,2022,2881-33670,Marte's,,kid,Marty-01,615,,2,blood,615,196.864,CO 2022 Field Box 4,,,CO-33670,615,2,2,Marte's_2_2
Y,2022,2881-33671,Marte's,,kid,Marty-01,616,,2,blood,616,186.785,CO 2022 Field Box 4,,,CO-33671,616,2,2,Marte's_2_2
Y,2022,2881-33672,Marte's,,kid,Marty-01,617,,2,blood,617,131.723,CO 2022 Field Box 4,,,CO-33672,617,2,2,Marte's_2_2
Y,2022,T012,Marte's,,kid,Marty-01,T012,,1,tissue,T012,271.953,1.938,,,CO-T012,T012,1,1,Marty's_1_1
Y,2022,2850-57550,Mary Ann's,F,mom,MaryAnns-01,610,,1,blood,610,140.814,CO 2022 Field Box 4,,,CO-57550,610,NA,NA,NA
Y,2022,2870-64916,Mary Ann's,M,dad,MaryAnns-01,685,,1,blood,685,122.145,CO 2022 Field Box 5,,,CO-64916,685,NA,NA,NA
Y,2022,2881-33700,Mary Ann's,,kid,MaryAnns-01,630,,1,blood,630,163.59,CO 2022 Field Box 4,,,CO-33700,630,1,2,Mary Ann's_1_2
Y,2022,T004,Mary Ann's,,kid,MaryAnns-01,T004,,1,tissue,T004,915.689,1.986,,,CO-T004,T004,1,2,Mary Ann's_1_2
Y,2022,T005,Mary Ann's,,kid,MaryAnns-01,T005,,1,tissue,T005,313.215,2.049,,,CO-T005,T005,1,2,Mary Ann's_1_2
N,2022,2850-57639,McCauley,M,dad,McCauley-01,849,,1,blood,355,5.053,Colorado Field Blood 2022 Box 1,,,CO-57639,849,NA,NA,NA
N,2022,2850-57640,McCauley,F,mom,McCauley-01,878,,1,blood,393,14.753,Colorado Field Blood 2022 Box 1,,,CO-57640,878,NA,NA,NA
Y,2022,2881-33633,McCauley,,kid,McCauley-01,711,,2,blood,711,175.358,CO 2022 Field Box 5,,,CO-33633,711,2,2,McCauley_2_2
Y,2022,2881-33634,McCauley,,kid,McCauley-01,712,,2,blood,712,155.669,CO 2022 Field Box 5,,,CO-33634,712,2,2,McCauley_2_2
Y,2022,2881-33635,McCauley,,kid,McCauley-01,713,,2,blood,713,151.893,CO 2022 Field Box 5,,,CO-33635,713,2,2,McCauley_2_2
Y,2022,2881-33636,McCauley,,kid,McCauley-01,714,,2,blood,714,104.518,CO 2022 Field Box 5,,,CO-33636,714,2,2,McCauley_2_2
Y,2022,2881-34010,McCauley,,kid,McCauley-01,575,,1,blood,575,80.395,CO 2022 Field Box 4,,,CO-34010,575,1,1,McCauley_1_1
Y,2022,2881-34011,McCauley,,kid,McCauley-01,576,,1,blood,576,70.479,CO 2022 Field Box 4,,,CO-34011,576,1,1,McCauley_1_1
Y,2022,2850-57752,McCauley,M,dad,McCauley-04,555,,4,blood,555,55.108,CO 2022 Field Box 3,,,CO-57752,555,NA,NA,NA
Y,2022,2850-57753,McCauley,F,mom,McCauley-04,556,,4,blood,556,79.667,CO 2022 Field Box 3,,,CO-57753,556,NA,NA,NA
Y,2022,2881-33673,McCauley,,kid,McCauley-04,618,,4,blood,618,72.873,CO 2022 Field Box 4,,,CO-33673,618,4,1,McCauley_4_1
Y,2022,2881-33674,McCauley,,kid,McCauley-04,619,,4,blood,619,40.601,CO 2022 Field Box 4,,,CO-33674,619,4,1,McCauley_4_1
Y,2022,2881-33675,McCauley,,kid,McCauley-04,620,,4,blood,620,84.853,CO 2022 Field Box 4,,,CO-33675,620,4,1,McCauley_4_1
Y,2022,2881-33676,McCauley,,kid,McCauley-04,621,,4,blood,621,103.538,CO 2022 Field Box 4,,,CO-33676,621,4,1,McCauley_4_1
Y,2022,2850-57896,Cargill,F,mom,none,448,,20,blood,448,20.833,CO 2022 Field Box 2,,,CO-57896,448,NA,NA,NA
N,2022,2811-39093,Schaaps,M,dad,none,865,,#N/A,blood,451,17.376,CO 2022 Field Box 2,,,CO-39093,865,NA,NA,NA
N,2022,2850-57560,Grizz,M,dad,none,874,,#N/A,blood,540,17.339,CO 2022 Field Box 3,,,CO-57560,874,NA,NA,NA
Y,2022,2850-57587,CHR,M,dad,none,343,,#N/A,blood,343,42.287,Colorado Field Blood 2022 Box 1,,,CO-57587,343,NA,NA,NA
N,2022,2850-57593,Mayas,M,dad,none,888,,#N/A,blood,345,12.607,Colorado Field Blood 2022 Box 1,,,CO-57593,888,NA,NA,NA
Y,2022,2850-57595,Mayas,M,dad,none,346,,#N/A,blood,346,27.688,Colorado Field Blood 2022 Box 1,,,CO-57595,346,NA,NA,NA
N,2022,2850-57597,Mayas,M,dad,none,843,,#N/A,blood,347,1.878,Colorado Field Blood 2022 Box 1,,,CO-57597,843,NA,NA,NA
N,2022,2850-57598,Schaaps,M,dad,none,889,,#N/A,blood,348,7.166,Colorado Field Blood 2022 Box 1,,,CO-57598,889,NA,NA,NA
Y,2022,2850-57600,Schaaps,M,dad,none,349,,#N/A,blood,349,22.943,Colorado Field Blood 2022 Box 1,,,CO-57600,349,NA,NA,NA
N,2022,2850-57619,Reinarz,M,dad,none,332,,#N/A,blood,351,20.118,Colorado Field Blood 2022 Box 1,,,CO-57619,332,NA,NA,NA
N,2022,2850-57644,Urban Farm Girlz,M,dad,none,880,,#N/A,blood,358,16.935,Colorado Field Blood 2022 Box 1,,,CO-57644,880,NA,NA,NA
Y,2022,2850-57665,Cooks,M,dad,none,376,,#N/A,blood,376,49.3,Colorado Field Blood 2022 Box 1,,,CO-57665,376,NA,NA,NA
N,2022,2850-57677,Mayas,M,dad,none,896,,#N/A,blood,543,4.63,CO 2022 Field Box 3,,,CO-57677,896,NA,NA,NA
Y,2022,2850-57678,Mayas,M,dad,none,544,,#N/A,blood,544,66.792,CO 2022 Field Box 3,,,CO-57678,544,NA,NA,NA
N,2022,2850-57679,Starlight,M,dad,none,897,,#N/A,blood,545,9.82,CO 2022 Field Box 3,,,CO-57679,897,NA,NA,NA
Y,2022,2850-57681,Schaaps,M,dad,none,546,,#N/A,blood,546,99.42,CO 2022 Field Box 3,,,CO-57681,546,NA,NA,NA
N,2022,2850-57684,Struthers,M,dad,Struthers-23,856,,#N/A,blood,433,9.845,CO 2022 Field Box 2,,,CO-57684,856,NA,NA,NA
Y,2022,2850-57690,Plumbumpy,M,dad,none,418,,#N/A,blood,418,41.219,CO 2022 Field Box 2,,,CO-57690,418,NA,NA,NA
Y,2022,2850-57694,Quick,M,dad,none,419,,#N/A,blood,419,59.371,CO 2022 Field Box 2,,,CO-57694,419,NA,NA,NA
Y,2022,2850-57695,Quick,M,dad,none,549,,#N/A,blood,549,60.614,CO 2022 Field Box 3,,,CO-57695,549,NA,NA,NA
Y,2022,2850-57697,Grizz,M,dad,none,550,,#N/A,blood,550,26.919,CO 2022 Field Box 3,,,CO-57697,550,NA,NA,NA
N,2022,2850-57701,Schaaps,M,dad,none,859,,#N/A,blood,551,5.609,CO 2022 Field Box 3,,,CO-57701,859,NA,NA,NA
N,2022,2850-57743,CHR,M,dad,none,860,,#N/A,blood,403,-5.585,Colorado Field Blood 2022 Box 1,,,CO-57743,860,NA,NA,NA
Y,2022,2850-57889,Mayas,M,dad,none,558,,#N/A,blood,558,37.184,CO 2022 Field Box 3,,,CO-57889,558,NA,NA,NA
Y,2022,2850-57890,Mayas,M,dad,none,559,,#N/A,blood,559,98.348,CO 2022 Field Box 3,,,CO-57890,559,NA,NA,NA
N,2022,2850-57895,Schaaps,M,dad,none,898,,#N/A,blood,560,14.217,CO 2022 Field Box 3,,,CO-57895,898,NA,NA,NA
Y,2022,2850-57897,Cargill,M,dad,none,561,,#N/A,blood,561,42.295,CO 2022 Field Box 3,,,CO-57897,561,NA,NA,NA
Y,2022,2850-57898,Grizz,M,dad,none,562,,#N/A,blood,562,47.175,CO 2022 Field Box 3,,,CO-57898,562,NA,NA,NA
Y,2022,2870-64907,CHR,M,dad,none,423,,#N/A,blood,423,22.89,CO 2022 Field Box 2,,,CO-64907,423,NA,NA,NA
Y,2022,2870-64913,Jame's Ditch,M,dad,none,565,,#N/A,blood,565,42.024,CO 2022 Field Box 3,,,CO-64913,565,NA,NA,NA
Y,2022,2870-64918,Boyer,M,dad,none,566,,#N/A,blood,566,89.324,CO 2022 Field Box 3,,,CO-64918,566,NA,NA,NA
Y,2022,2870-65001,Schaaps,M,dad,none,567,,#N/A,blood,567,60.484,CO 2022 Field Box 3,,,CO-65001,567,NA,NA,NA
N,2022,2850-57607,Schaaps,M,dad,Schaaps-108,895,,#N/A,blood,542,5.686,CO 2022 Field Box 3,,,CO-57607,895,NA,NA,NA
Y,2022,2850-57642,Sol y Sombra,M,dad,SolySombra-01,356,,#N/A,blood,356,21.146,Colorado Field Blood 2022 Box 1,,,CO-57642,356,NA,NA,NA
N,2022,2850-57698,Speedwell,F,mom,Speedwell-01,857,,1,blood,436,8.98,CO 2022 Field Box 2,,,CO-57698,857,NA,NA,NA
N,2022,2850-57699,Speedwell,M,dad,Speedwell-01,858,,1,blood,437,2.488,CO 2022 Field Box 2,,,CO-57699,858,NA,NA,NA
Y,2022,2881-34051,Speedwell,,kid,Speedwell-01,765,,1,blood,765,149.804,CO 2022 Field Box 6,,,CO-34051,765,1,1,Speedwell_1_1
Y,2022,2881-34052,Speedwell,,kid,Speedwell-01,766,,1,blood,766,106.134,CO 2022 Field Box 6,,,CO-34052,766,1,1,Speedwell_1_1
Y,2022,2881-34053,Speedwell,,kid,Speedwell-01,767,,1,blood,767,89.158,CO 2022 Field Box 6,,,CO-34053,767,1,1,Speedwell_1_1
Y,2022,2881-34054,Speedwell,,kid,Speedwell-01,768,,1,blood,768,97.997,CO 2022 Field Box 6,,,CO-34054,768,1,1,Speedwell_1_1
Y,2022,2850-57645,Struthers,F,mom,Struthers-03,611,,3,blood,611,208.422,CO 2022 Field Box 4,,,CO-57645,611,NA,NA,NA
Y,2022,2850-57674,Struthers,M,dad,Struthers-03,382,,3,blood,382,31.989,Colorado Field Blood 2022 Box 1,,,CO-57674,382,NA,NA,NA
Y,2022,2881-33688,Struthers,,kid,Struthers-03,626,,3,blood,626,88.072,CO 2022 Field Box 4,,,CO-33688,626,3,2,Struther's_3_2
Y,2022,2881-33689,Struthers,,kid,Struthers-03,627,,3,blood,627,74.283,CO 2022 Field Box 4,,,CO-33689,627,3,2,Struther's_3_2
Y,2022,2881-33690,Struthers,,kid,Struthers-03,628,,3,blood,628,163.18,CO 2022 Field Box 4,,,CO-33690,628,3,2,Struther's_3_2
Y,2022,2881-33691,Struthers,,kid,Struthers-03,629,,3,blood,629,64.844,CO 2022 Field Box 4,,,CO-33691,629,3,2,Struther's_3_2
Y,2022,2811-83056,Struthers,,kid,Struthers-10,457,,10,blood,457,101.617,CO 2022 Field Box 2,,,CO-83056,457,10,1,Struther's_10_1
Y,2022,2811-83057,Struthers,,kid,Struthers-10,458,,10,blood,458,60.057,CO 2022 Field Box 2,,,CO-83057,458,10,1,Struther's_10_1
Y,2022,2811-83058,Struthers,,kid,Struthers-10,459,,10,blood,459,27.182,CO 2022 Field Box 2,,,CO-83058,459,10,1,Struther's_10_1
Y,2022,2811-83059,Struthers,,kid,Struthers-10,460,,10,blood,460,42.385,CO 2022 Field Box 2,,,CO-83059,460,10,1,Struther's_10_1
Y,2022,2811-83060,Struthers,,kid,Struthers-10,461,,10,blood,461,39.801,CO 2022 Field Box 2,,,CO-83060,461,10,1,Struther's_10_1
N,2022,2850-57551,Struthers,F,mom,Struthers-10,836,,10,blood,387,7.242,Colorado Field Blood 2022 Box 1,,,CO-57551,836,NA,NA,NA
Y,2022,2850-57552,Struthers,M,dad,Struthers-10,365,,10,blood,365,55.171,Colorado Field Blood 2022 Box 1,,,CO-57552,365,NA,NA,NA
Y,2022,2881-34046,Struthers,,kid,Struthers-10,639,,20,blood,639,264.606,CO 2022 Field Box 4,,,CO-34046,639,20,2,Struther's_20_2
Y,2022,2881-34047,Struthers,,kid,Struthers-10,761,,20,blood,761,129.221,CO 2022 Field Box 6,,,CO-34047,761,20,2,Struther's_20_2
Y,2022,2881-34048,Struthers,,kid,Struthers-10,762,,20,blood,762,58.547,CO 2022 Field Box 6,,,CO-34048,762,20,2,Struther's_20_2
Y,2022,2881-34049,Struthers,,kid,Struthers-10,763,,20,blood,763,106.749,CO 2022 Field Box 6,,,CO-34049,763,20,2,Struther's_20_2
Y,2022,2881-34050,Struthers,,kid,Struthers-10,764,,20,blood,764,69.06,CO 2022 Field Box 6,,,CO-34050,764,20,2,Struther's_20_2
Y,2022,2870-64911,CHR,UNB juvenile,kid,unknown,612,,#N/A,blood,612,66.046,CO 2022 Field Box 4,,,CO-64911,612,NA,NA,NA
N,2022,2811-83098,Urban Farm Girlz,,kid,UrbanFarm-02,490,,2,blood,490,18.638,CO 2022 Field Box 2,,,CO-83098,867,2,1,Urban Farm_2_1
Y,2022,2811-83099,Urban Farm Girlz,,kid,UrbanFarm-02,491,,2,blood,491,58.298,CO 2022 Field Box 3,,,CO-83099,491,2,1,Urban Farm_2_1
Y,2022,2811-83100,Urban Farm Girlz,,kid,UrbanFarm-02,492,,2,blood,492,38.57,CO 2022 Field Box 3,,,CO-83100,492,2,1,Urban Farm_2_1
,2022,2850-57608,Urban Farm Girlz,F,mom,UrbanFarm-02,300,,,,,NA,,,,CO-57608,300,NA,NA,NA
Y,2022,2850-57899,Urban Farm Girlz,M,dad,UrbanFarm-02,413,,2,blood,413,46.198,Colorado Field Blood 2022 Box 1,,,CO-57899,413,NA,NA,NA
N,2022,2850-57629,Urban Farm Girlz,F,mom,UrbanFarm-08,890,,8,blood,430,3.584,CO 2022 Field Box 2,,,CO-57629,890,NA,NA,NA
Y,2022,2850-57868,Urban Farm Girlz,M,dad,UrbanFarm-08,407,,8,blood,407,44.349,Colorado Field Blood 2022 Box 1,,,CO-57868,407,NA,NA,NA
Y,2022,2881-33601,Urban Farm Girlz,,kid,UrbanFarm-08,568,,8,blood,568,22.8,CO 2022 Field Box 3,,,CO-33601,568,8,1,Urban Farm_8_1
Y,2022,2881-33602,Urban Farm Girlz,,kid,UrbanFarm-08,569,,8,blood,569,106.423,CO 2022 Field Box 4,,,CO-33602,569,8,1,Urban Farm_8_1
N,2022,2881-33603,Urban Farm Girlz,,kid,UrbanFarm-08,887,,8,blood,570,19.251,CO 2022 Field Box 4,,,CO-33603,887,8,1,Urban Farm_8_1
Y,2022,2881-33684,Urban Farm Girlz,,kid,UrbanFarm-08,622,,8.2,blood,622,151.475,CO 2022 Field Box 4,,,CO-33684,622,8,2,Urban Farm_8_2
Y,2022,2881-33685,Urban Farm Girlz,,kid,UrbanFarm-08,623,,8.2,blood,623,275.73,CO 2022 Field Box 4,,,CO-33685,623,8,2,Urban Farm_8_2
Y,2022,2881-33686,Urban Farm Girlz,,kid,UrbanFarm-08,624,,8.2,blood,624,180.94,CO 2022 Field Box 4,,,CO-33686,624,8,2,Urban Farm_8_2
Y,2022,2881-33687,Urban Farm Girlz,,kid,UrbanFarm-08,625,,8.2,blood,625,309.511,CO 2022 Field Box 4,,,CO-33687,625,8,2,Urban Farm_8_2
